0 1
220 128 0 0 Objects\\Items.png

100 16
18001 0 0 17 17 220
18011 17 0 34 17 220
18021 0 17 17 34 220
18031 0 34 17 51 220
18041 17 17 34 34 220
18051 60 2 74 15 220
18061 17 35 32 51 220
18071 80 34 95 51 220
18081 96 37 106 51 220
18091 78 51 92 66 220
18101 93 51 107 66 220
18102 110 50 122 67 220
18103 110 38 125 50 220
18104 49 35 62 50 220
18105 140 75 164 89 220	
18106 90 80 100 900 220
200 15
180 100 1 18001
181 100 1 18011
182 100 1 18021
183 100 1 18031
184 100 1 18041
185 100 1 18051
186 100 1 18061
187 100 1 18071
188 100 1 18081
189 100 2 18091 18101
190 100 1 18102
191 100 1 18103
192 100 1 18104
193 100 1 18105
194 100 1 18106
-1 -1

