0 1
110 0 128 128 Simon\\Simon.png  

100 60   
30011 0 0 16 30 110
30012 16 0 32 30 110
30013 32 0 48 30 110
30014 48 0 64 30 110
30001 64 0 80 30 110
30002 80 0 96 30 110
30003 96 0 112 30 110
30004 112 0 128 30 110
30021 16 31 32 60 110
30031 0 31 16 60 110
30041 16 31 32 61 110
30051 0 31 16 61 110
30071 0 60 16 90 110
30072 28 60 44 90 110
30073 55 60 71 90 110
30061 80 60 96 90 110
30062 100 60 116 90 110
30063 121 60 137 90 110
30091 0 91 16 120 110
30092 28 91 44 120 110
30093 55 91 71 120 110
30081 80 91 96 120 110
30082 100 91 116 120 110
30083 121 91 137 120 110
30084 110 30 140 60 110
30085 128 0 143 30 110
30086 144 0 159 30 110
30087 160 0 175 30 110
30088 176 0 191 30 110
30095 128 30 143 60 110
30096 144 30 159 60 110
30097 160 30 175 60 110
30098 176 30 191 60 110
30099 230 65 246 95 110
31120 140 126 156 155 110
31121 160 126 176 155 110
30055 34 31 49 60 110
30056 50 31 66 60 110
30065 148 60 165 90 110
30066 166 60 181 90 110
30067 150 91 166 121 110
30068 167 91 183 121 110
30100 279 0 296 30 110
30101 299 0 316 30 110
30102 321 0 338 30 110
30103 200 31 216 61 110
30104 228 31 244 61 110
30105 255 31 271 61 110
31100 200 0 216 30 110
31101 228 0 244 30 110
31102 255 0 271 30 110
31103 279 31 295 61 110
31104 300 31 315 61 110
31105 322 31 337 61 110
31111 210 62 225 93 110
31112 188 93 219 121 110
31113 220 93 251 245 110
31114 257 87 288 121 110
31115 297 87 329 121 110
31116 337 87 368 121 110

200 43    
300 100 1 30001
301 100 1 30011
302 100 4 30001 30002 30003 30004
303 100 4 30011 30012 30013 30014
304 100 1 30021
305 100 1 30031
306 100 1 30041
307 100 1 30051
308 140 3 30061 30062 30063
309 140 3 30071 30072 30073
310 140 3 30081 30082 30083
311 140 3 30091 30092 30093
312 100 4 30098 30097 30096 30095
313 100 4 30085 30086 30087 30088
314 150 2 30065 30002
315 150 2 30066 30012
316 150 2 30067 30002
317 150 2 30068 30012
318 150 1 30065
319 150 1 30068
320 150 1 30067
321 150 1 30066
322 140 3 30100 30101 30102
323 140 3 30103 30104 30105
324 140 3 31103 31104 31105 
325 140 3 31100 31101 31102
326 500 2 30099 30055
327 500 2 30099 30056
328 100 1 31111
329 500 1 31113
330 500 7 31114 31115 31116 31116 31116 31116 31116 
400 500 2 31120 30001
401 500 2 31121 30011
402 250 7 30001 30098 30002 30098 30003 30098 30004
403 250 7 30011 30085 30012 30085 30013 30085 30014
404 500 2 30099 30021
405 500 2 30099 30031
406 500 2 30099 30041
407 500 2 30099 30051
408 280 6 30099 30061 30099 30062 30099 30063
409 280 6 30099 30071 30099 30072 30099 30073
410 280 5 30081 30099 30082 30099 30083
241 280 5 30091 30099 30092 30099 30093
-1 -1

