0 1
210 0 128 128 Simon\\Whip.png

100 30
40011 0 191 90 222 210 
40012 90 191 180 222 210 
40013 180 191 270 222 210
40014 0 223 90 255 210 
40015 90 223 180 255 210  
40016 180 223 270 255 210
50011 0 128 90 158 210 
50012 90 128 180 158 210 
50013 180 128 270 158 210
50014 0 159 90 190 210 
50015 90 159 180 190 210  
50016 180 159 270 190 210
45011 0 62 90 93 210  
45012 90 62 180 93 210 
45013 180 62 270 93 210
45014 0 94 90 125 210
45015 90 94 180 125 210
45016 180 94 270 125 210
45111 0 0 90 30 210 
45112 90 0 180 30 210 
45113 180 0 270 30 210 
45114 0 31 90 61 210 
45115 90 31 180 61 210 
45116 180 31 270 61 210 
45211 0 254 90 284 210 
45212 90 254 180 284 210 
45213 180 254 270 284 210
45214 0 285 90 315 210 
45215 90 285 180 315 210 
45216 180 285 270 315 210

200 6
500 100 6 40014 40015 40016 40016 40016 40016 
501 100 6 40013 40012 40011 40011 40011 40011 
502 150 6 50014 50015 50016 50016 50016 50016
503 100 6 50013 50012 50011 50011 50011 50011
504 61 10 45014 45114 45015 45115 45016 45116 45216 45016 45116 45216
505 61 10 45013 45113 45012 45112 45011 45111 45211 45011 45111 45211
-1 -1
 