0
28 124 183
157 124 184
286 124 184
410 124 184
540 124 184
732 124 183
927 124 183
1052 124 184
1115 124 184
1178 124 184
1241 124 184
1304 124 184
1560 124 183
2320 124 184
2460 124 184
2525 124 184
2650 124 184
92 92 184
221 92 184
350 92 184
475 92 184
600 92 184
1370 92 184
1755 92 193
2075 92 182
2390 92 185
2585 92 182
2715 92 184
650 25 184
860 25 182
990 25 184
1430 25 182
785 0 186
1625 25 182
2010 25 184
2135 25 184
2265 25 188
2205 60 184
1495 -5 187
1950 0 184
1690 10 184
1835 10 182
999999 999999 999999     
2
615 155 0 1 1
665 64 1 -1 1
712 90 0 1 1
730 32 1 -1 1
920 32 1 1 -1
935 90 0 -1 -1
1285 155 0 1 1
1367 32 1 -1 1
1718 64 1 1 -1
1770 155 0 -1 -1
1995 155 0 -1 -1
1945 64 1 1 -1
2165 32 1 1 -1
2185 90 0 -1 -1
2360 64 1 1 -1
2410 155 0 -1 -1
2725 118 0 1 1
2755 64 1 -1 1
1580 130 1 1 -1
1580 120 1 1 -1
1900 130 1 -1 -1  
1900 120 1 -1 -1 
999999 999999 999999 999999 999999 
3
0 160 1575 175
1575 160 2816 175
687 96 720 111
750 64 913 79
928 96 1005 111
1393 64 1645 79
1528 0 1543 15
1528 80 1543 160
1664 96 1715 112
1808 128 1855 176
1792 80 1855 128
1856 80 1886 96
1888 96 1938 112
1965 64 2162 80
2016 0 2048 16
2040 80 2048 160
2191 96 2353 112
2720 128 2736 144
2770 96 2816 112
2808 0 2816 176
2800 96 2816 176
1792 128 1808 144
1792 144 1808 160
1007 96 1023 112 
2736 128 2752 144
999999   999999   999999   999999  
4
300 95	
350 95	
400 95	
500 95	
550 95
580 95
630 95
750 95
850 95
900 95
1050 95
1150 95
1250 95
1290 95
1320 95
1350 95
1410 95
1440 95
2400 95
2460 95
2520 95
2550 95
2580 95
2335 -250
999999   999999  

5
705 70
880 30
960 70
999999   999999  

6
1850 30
2040 125
1980 130
2370 35
999999 999999

7
2650 10 189
999999 999999 999999

8
1007 91 183 0 23
2736 123 190 0 24
1791 139 191 1 21
1791 123 194 1 21
999999 999999 999999 999999 999999  

10
1526 16
2036 16
2807 48
999999 999999

888888