0
1563 10 181
1625 10 183
1695 10 192
1750 10 183
1815 10 184
1885 10 184
1945 10 184
999999 999999 999999 
2
1625 35 0 1 -1
1975 65 0 -1 -1 
999999 999999 999999 999999 999999
3
1515 48 1530 64
1534 80 1750 96
1630 48 1662 64
1790 80 1815 96
1850 80 1851 82
1865 80 1990 96
1989 144 2014 160
2014 112 2046 128
2044 0 2046 112
1973 112 1980 160
2000 80 2016 96
999999 999999 999999 999999 
8
2000 75 183 0 10
999999 999999 999999 999999 999999    
9
1585 142 0
1665 142 0
1740 142 1
1800 142 1
1850 142 0
1880 142 0
1980 142 1  
999999 999999 999999           
888888
	
