300 100 1 30001
301 100 1 30011
302 100 4 30001 30002 30003 30004
303 100 4 30011 30012 30013 30014
304 100 1 30021
305 100 1 30031
306 100 1 30041
307 100 1 30051
308 140 3 30061 30062 30063
309 140 3 30071 30072 30073
310 140 3 30081 30082 30083
311 140 3 30091 30092 30093
312 100 4 30098 30097 300956 30095
313 100 4 30085 30086 30087 30088
314 100 2 30065 30002
315 100 2 30066 30012
316 100 2 30067 30002
317 100 2 30068 30012
318 150 1 30065
319 150 1 30068
320 150 1 30067
321 150 1 30066
322 140 3 30100 30101 30102
323 140 3 30103 30104 30105
324 140 3 31103 31104 31105 
325 140 3 31100 31101 31102
326 500 1 30055
327 500 1 30056
328 100 1 31111
329 500 1 31113
330 500 7 31114 31115 31116 31116 31116 31116 31116 
400 500 2 31120 30001
401 500 2 31121 30011
402 250 7 30001 30098 3002 30098 30003 30098 30004
403 250 7 30011 30085 30012 30085 30013 30085 30014
404 500 2 30099 30021
405 500 2 30099 30031
406 500 2 30099 30041
407 500 2 30099 30051
408 280 6 30099 30061 30099 30062 30099 30063
409 280 6 30099 30071 30099 30072 30099 30073
410 280 5 30081 30099 30082 30099 30083
241 280 5 30091 30099 30092 30099 30093
